((("math" .
   [3 0 0 2])
  ("double" .
   [0 0 0 1 0 1])
  ("array" .
   [0 0 0 0 1])
  ("get_inner_product" .
   [0 0 0 0 0 0 0 0 0 1 0 0 0 0 0 0 0])
  ("vector" .
   [1 0 1 0 0 3])
  ("Vector" .
   [4 0 0 0 1 1])
  ("include" .
   [0 0 0 1 0 0 3])
  ("class" .
   [0 0 3 2 0])
  ("namespace" .
   [1 0 2 0 0 0 0 0 0])
  ("load-path" .
   [0 0 0 0 0 1 0 0 0])
  ("main" .
   [2 0 0 0])
  ("io" .
   [1 0])
  ("vec" .
   [0 0 1])
  ("std" .
   [8 0 1])
  ("cout" .
   [0 0 0 2])
  ("cls" .
   [2 0 0])
  ("fd" .
   [3 0])))
